-5528
-4666
-1919
-598
7438
8967
-1875
195
1786
2300
4210
6391
6967
9729
14484
14878
15461
31793
33344
37407
66838
86016
30192
46066
57690
66847
69042
79077
96941
16600
17001
24051
34599
73287
73963
81506
-3402
-2939
15976
70829
80798
91512
97047
-6757
9189
13466
24876
32492
69353
93644
7458
63852
66819
68062
68362
78248
79342
-630
6038
25509
45248
55670
93160
99112
-7442
-6053
1649
5151
31238
31333
72446
6242
8359
12122
50820
62436
77604
87073
16950
17935
53207
64295
79850
96366
-3028
18960
45544
66553
76596
77940
87107
-3694
-3028
9267
36816
36821
47236
65969
23579
28372
44134
58939
74198
93913
97890
-8934
46718
66043
66826
67772
92168
95833
2941
18269
19006
19953
22369
24375
31499
31806
33449
38666
40130
14478
45972
46408
62180
16212
56742
41696
61083
62809
61990
64537
67123
35624
55354
67290
68229
68532
68586
71378
69862
72858
72921
75288
75818
75849
77636
81
77855
1651
78535
78674
88109
2406
11697
47349
78911
57592
58489
73153
76701
89779
-9750
-7845
-5002
-1603
22774
23998
89402
-123
3802
10935
53122
53708
86383
89688
-3276
24122
27811
34213
42814
45460
84991
-4672
-1231
4224
38098
51309
71058
82692
-7298
23793
36711
43347
59642
60432
67263
1916
14204
26605
30410
42832
59377
83656
10035
11272
31928
48013
48397
60163
79016
81980
-7627
3960
32833
90999
91026
94226
96825
12130
20416
34464
42057
63045
64867
84443
-4908
5343
18544
38197
57499
65407
93156
-3462
25227
25792
27371
28989
96391
99553
707
4579
32949
38527
59807
61038
77577
-8729
4171
17173
24618
62249
66583
85337
-9126
-6356
70326
-1108
76913
19195
84621
38470
86892
48405
87327
82195
88431
-7561
14764
36259
46391
30565
34196
34913
55196
68440
74759
48048
75093
3947
6176
50288
17976
33205
63455
33440
33821
83795
89857
1891
91107
35687
1252
39146
6434
57950
19037
61329
44598
74145
56049
75740
66037
-2342
91718
214
12307
45011
54576
73799
89420
95980
6789
9612
10109
22998
28578
78829
96982
14681
36086
64812
67067
79027
80270
90693
-2672
-2097
-1021
36985
53940
85941
86233
3515
4673
11756
14117
41951
71917
94549
3439
19783
29537
42774
58629
75620
88932
17398
95015
29969
95302
37074
-9910
95587
-1850
4451
3520
53064
78845
80554
89724
28883
97866
99392
99557
7308
24897
65516
65996
33556
76456
56572
93215
59630
96461
95169
-2392
2507
5238
11132
29431
36827
66744
38952
68524
48736
71376
54964
74395
88987
-2337
-7333
439
24957
4891
52467
10503
56162
66728
63345
69395
85216
90168
93972
98048
98925
-9835
27707
36867
53149
61152
91584
6414
20169
36804
98566
48329
59158
65157
73750
-3388
7996
22504
30270
36215
60025
78137
11467
26747
27100
27633
36780
52825
10791
15521
17146
96757
39348
51344
58829
59877
74721
82305
82843
84653
91497
380
4892
24579
34417
34665
61537
75762
7358
19885
39786
43290
49740
79377
90852
-3436
10854
13764
20471
27357
63087
71750
99324
83797
-7397
5843
-3616
7947
14954
28903
48277
62805
66955
-6314
-4624
49194
53357
74492
90251
97218
5634
11101
39934
44575
44721
44955
99289
-8763
14853
52491
68904
81808
28351
86029
36024
99747
40662
19115
28133
32587
-939
23596
-4314
79011
86401
57722
68946
29893
92609
21170
-4648
62743
40549
73037
5126
35381
42664
9515
39586
195
61569
51215
92407
76695
47494
86761
98917
97109
60218
43839
49470
43296
-3700
90008
42441
89687
78066
61733
67916
94377
69357
46382
45701
94762
80778
59800
44339
99377
13479
10473
18783
75683
5532
